229 204 192 169 167 157 156 151 148 148 146 145 142 139 130 124 122 122 120 118 118 116 115 109 107 104 104 100 94 93 92 90 90 90 90 89 87 85 80 79 78 78 76 76 75 75 73 73 71 67 62 58 57 55 55 53 53 53 52 51 51 49 49 49 49 49 49 49 49 45 44 43 42 42 39 38 38 38 38 33 33 33 32 32 32 32 32 31 28 28 28 28 27 27 27 26 26 26 26 26 26 26 26 26 26 25 25 25 24 24 24 21 21 21 21 21 21 21 21 20 20 20 20 20 19 18 18 17 17 17 17 17 15 14 13 13 13 13 13 13 13 13 13 10 8 8 8 8 8 7 7 7 7 6 6 5 4 4 4 4 4 4 4 4 4 4 4 3 3 3 3 3 3 3 3 3 3 3 3 3 3 3 3 3 3 3 3 3 3 3 3 3 2 2 2 2 2 2 2 2 2 2 2 2 2 1 1 1 1 1 1 1 1 1 1 1 1 1 1 1 1 1 1 1 1 1 1 1 1 1 1 1 1 1 1 
229 188 171 163 153 153 150 140 140 137 137 134 125 124 121 113 110 110 109 99 99 98 98 95 95 95 94 93 92 91 91 89 88 87 84 84 83 83 78 77 76 76 74 71 71 71 69 67 61 60 60 56 56 54 53 53 53 52 52 48 48 47 47 47 45 45 42 42 42 42 42 38 37 37 36 36 35 34 31 31 29 29 28 28 28 27 27 27 27 27 27 27 25 25 25 25 25 25 25 25 25 23 22 19 19 18 17 17 17 17 17 15 15 14 14 14 14 14 14 14 14 14 14 14 13 13 11 10 10 9 9 9 9 9 8 8 8 8 8 6 6 5 5 5 5 5 5 5 5 5 5 5 5 5 4 4 4 4 4 4 4 3 3 3 3 3 3 3 3 3 3 2 2 2 2 2 2 2 2 2 2 2 2 2 2 2 2 2 2 2 2 2 2 2 2 1 1 1 1 1 1 1 1 1 1 1 1 1 1 1 1 1 1 1 1 1 1 1 1 1  , 213 178 169 160 153 151 148 138 138 137 136 134 124 116 116 112 110 109 101 98 98 96 96 95 93 90 90 88 87 86 83 78 77 76 76 76 76 76 73 72 68 68 68 67 66 66 63 60 60 55 52 51 51 51 51 50 49 48 48 47 47 47 47 45 44 42 39 39 36 36 36 36 36 34 34 34 33 31 31 30 29 28 27 25 25 25 25 25 25 25 25 25 25 23 21 21 21 21 21 20 20 19 19 18 17 17 16 16 16 16 15 14 14 14 14 14 14 14 14 14 12 12 11 11 9 9 9 9 8 8 8 8 8 8 8 8 8 8 8 6 6 5 5 5 5 5 5 5 5 5 5 4 4 4 4 4 4 4 4 4 3 3 3 3 3 3 2 2 2 2 2 2 2 2 2 2 2 2 2 2 2 2 2 2 2 1 1 1 1 1 1 1 1 1 1 1 1 1 1 1 1 1 1 1 1 1 1 1 1 1 1  
197 171 156 154 152 149 143 135 132 130 130 127 122 111 103 103 101 100 99 96 96 96 91 91 90 90 90 86 83 82 79 77 76 76 76 75 74 74 71 69 67 67 67 59 59 59 57 55 54 52 51 51 51 50 50 47 45 45 45 45 44 44 43 42 42 40 39 39 36 36 36 35 34 34 34 34 31 28 28 26 26 26 26 25 25 25 25 25 25 25 24 23 22 21 21 18 18 18 18 18 18 18 18 16 16 16 15 15 15 14 14 14 14 14 9 9 9 9 9 9 9 9 8 8 8 8 7 7 6 6 6 6 6 6 6 6 6 6 6 5 5 5 5 5 5 5 4 4 4 4 3 3 3 3 3 3 3 3 3 3 3 3 2 2 2 2 2 2 2 2 2 1  
180 148 145 143 143 138 130 130 128 125 125 116 116 108 103 103 101 100 99 96 94 93 91 90 90 88 88 86 83 80 77 77 76 76 75 69 69 63 63 62 61 61 60 58 58 57 55 55 54 52 51 51 49 48 45 44 43 42 42 42 40 40 39 39 36 36 35 35 33 33 33 32 31 31 30 29 29 28 28 26 26 26 26 25 25 25 24 22 22 21 21 20 19 19 19 18 18 18 18 17 16 16 16 16 16 16 12 12 12 12 12 11 10 10 9 9 9 9 9 9 8 8 8 8 7 7 7 6 6 6 6 6 6 6 6 6 5 5 5 5 5 5 5 5 4 4 4 3 3 1 1 1 1 1 1 1 1 1 1 1 1 1 1 1 1 1  
 174 146 144 141 139 137 130 127 122 121 116 114 113 108 101 100 96 94 94 92 92 89 88 85 83 81 80 80 78 76 74 74 71 70 68 68 68 63 60 59 58 57 57 57 54 54 53 53 51 51 50 50 49 47 44 42 42 40 38 38 38 37 36 32 32 32 32 32 32 31 31 30 26 26 25 25 24 24 24 24 21 21 21 21 21 19 19 19 19 19 18 18 18 17 17 17 16 16 15 15 15 15 15 14 14 12 12 12 12 11 11 10 9 9 9 9 8 8 8 8 8 8 8 8 6 6 6 6 6 6 6 6 6 6 6 6 5 5 5 5 5 5 5 5 4 3 2 2 1 1 1 1 1 1 1 1 1 1 1 1 1 1  
174 145 143 137 124 123 117 116 115 114 113 104 101 101 93 93 89 87 87 85 83 80 80 80 79 77 75 75 75 71 68 68 68 64 64 64 63 60 58 58 57 56 55 53 53 51 50 50 47 47 46 46 43 42 42 41 39 36 36 36 36 34 34 32 32 31 31 31 31 31 30 27 26 26 25 25 24 24 24 22 21 21 21 19 18 18 18 17 17 17 16 15 15 15 15 15 14 14 14 14 14 14 14 12 11 11 10 10 10 10 9 9 9 8 7 7 7 7 6 6 6 6 6 6 6 6 6 6 6 5 5 5 5 5 5 5 5 5 4 4 4 4 2 2 2 2 2 2 1 1 1  
 174 144 142 129 123 118 114 114 109 104 104 99 95 91 91 90 88 86 85 85 81 80 79 78 78 76 75 68 64 64 64 61 61 60 60 57 55 55 55 55 54 53 52 51 51 50 49 47 45 44 40 40 40 39 39 37 37 36 36 34 34 34 33 32 31 30 30 30 28 27 26 26 25 25 23 22 21 21 20 20 20 20 19 19 18 18 17 17 17 15 15 15 15 14 14 13 13 13 13 12 11 11 11 11 10 10 7 6 6 6 6 6 6 6 6 6 6 6 5 5 5 5 5 5 5 5 5 3 3 3 3 3 3 3 3 3 3 3 3 3 3 3 2 2 1 1  
 159 144 141 129 123 118 114 114 107 104 103 98 93 91 89 85 83 81 81 80 80 76 76 75 72 72 72 67 64 64 63 58 57 57 57 53 51 50 49 47 45 44 44 42 41 41 40 39 38 37 36 36 35 35 34 34 34 33 32 32 32 32 31 30 30 30 28 27 27 26 25 23 23 23 22 20 19 19 19 18 18 18 17 17 17 15 15 14 14 14 14 14 13 13 13 11 11 11 11 11 8 8 8 7 7 7 6 6 6 6 6 6 6 6 6 6 5 5 5 5 5 5 5 5 5 5 5 3 3 3 3 3 3 3 3 3 3 3 3 3 2 1 1 1 1  
158 143 141 122 117 114 112 111 104 104 103 96 90 90 87 82 82 80 80 79 78 76 75 72 71 71 67 65 64 64 63 57 57 56 55 49 49 48 45 45 44 41 40 40 40 38 37 36 35 34 33 30 30 30 30 30 30 30 30 29 29 28 28 28 28 28 27 27 26 25 24 21 21 19 17 17 16 16 16 16 16 16 16 16 14 14 14 14 14 14 14 14 13 12 11 11 11 11 11 11 8 7 7 7 7 6 6 6 6 6 6 6 6 6 5 5 5 5 5 5 5 5 4 4 4 4 3 2 2 2 2 2 2 2 2 2 2 2 2 2 2 1  
 157 137 130 117 116 112 111 111 103 99 99 90 88 87 86 82 81 80 80 77 77 76 74 72 69 69 65 65 64 61 59 56 56 54 54 49 49 47 43 43 41 41 40 36 34 34 34 34 32 31 31 30 30 30 30 30 30 29 29 28 28 28 28 27 27 26 25 25 24 20 20 20 19 18 17 17 16 16 16 16 16 16 16 16 14 14 14 14 13 13 12 12 11 11 11 11 11 10 10 9 8 7 7 7 7 6 6 6 6 6 6 6 6 6 5 5 5 5 5 5 4 4 4 4 3 2 2 2 2 1 1 1 1  
146 136 123 114 112 109 107 106 99 99 94 87 87 86 84 80 80 80 79 76 76 71 68 67 67 66 62 62 61 59 59 55 54 53 50 48 44 44 43 41 40 39 36 33 33 33 33 33 32 31 31 30 30 30 30 30 29 28 27 27 27 27 27 26 26 24 24 24 23 20 20 19 18 17 16 16 16 16 16 16 16 16 15 14 14 14 14 14 12 11 11 11 10 10 10 10 10 9 9 8 8 7 7 6 6 6 6 6 6 6 5 5 5 5 5 5 5 4 4 4 3 2 2 2 1 1 1 1 1 1 1 1 1 
 145 129 118 113 110 101 101 101 96 96 89 86 86 79 78 78 78 77 73 73 72 66 66 64 64 63 60 60 59 56 56 54 50 49 49 48 44 44 40 40 39 36 36 33 33 33 33 31 31 30 30 30 30 29 29 29 28 28 27 27 27 27 27 25 24 24 24 23 22 20 18 18 16 16 16 16 15 15 15 14 14 14 14 14 14 13 13 13 9 9 9 9 8 8 8 8 8 7 7 7 7 7 6 6 6 6 6 6 5 5 5 5 4 4 4 4 4 4 3 3 2 2 1 1 1 1 1 1 1 1 1 1 1  
 139 127 114 113 104 101 98 97 92 90 88 83 82 79 78 78 77 75 73 71 67 64 64 62 62 62 60 58 57 53 53 50 47 47 47 43 41 40 39 39 38 35 35 33 33 31 30 30 30 30 30 30 30 29 29 29 27 27 27 27 27 25 25 20 20 18 18 18 18 18 17 17 16 14 14 14 14 14 14 14 14 14 14 13 13 12 12 11 9 9 9 8 8 8 8 8 7 7 7 7 7 7 6 6 6 6 6 5 5 5 5 4 4 4 4 4 3 3 3 1 1 1 1 1 1 1 1 1 1  
 132 123 108 107 103 101 97 97 91 87 87 83 82 79 78 76 76 75 71 69 66 64 62 60 59 59 57 57 56 53 52 50 47 47 47 41 40 38 38 38 37 35 35 33 31 30 30 30 30 30 30 28 28 28 28 28 27 27 27 27 26 25 24 20 19 16 16 16 15 15 15 15 15 14 14 13 13 12 12 12 12 12 11 9 9 9 9 9 9 9 8 8 8 7 7 7 7 5 5 5 5 4 4 4 4 4 4 3 3 3 3 3 3 3 3 3 3 2 1 1 1 1 1 1 1 1 1  
 122 115 107 102 100 95 91 87 87 84 83 83 79 78 77 76 73 71 70 69 63 63 62 59 59 57 52 52 51 50 49 49 46 46 45 40 40 38 38 37 36 35 34 33 30 30 30 30 29 29 28 28 28 28 27 27 27 25 24 24 21 21 21 17 16 16 16 16 15 15 14 14 13 13 12 11 11 11 11 11 11 10 9 9 8 8 8 8 8 7 7 7 6 6 6 5 4 4 4 4 4 4 4 4 3 3 3 3 3 3 3 3 3 1 1 1 1 1 1 1 1 1 1 1 1 1  
 118 112 105 102 99 91 86 86 84 83 82 79 79 77 74 73 70 70 69 66 61 59 58 55 55 54 52 51 51 50 49 48 46 44 43 40 40 38 37 37 36 32 32 32 30 30 30 28 28 25 25 25 23 23 22 22 21 21 21 21 20 19 16 16 16 16 16 15 14 13 13 13 12 12 11 11 11 11 10 9 9 9 8 8 8 8 8 8 8 7 7 7 6 6 5 4 4 4 4 4 4 4 3 3 3 3 3 3 3 3 3 3 1 1 1 1 1 1 1 1 1 1 1 1 1 1  
 109 107 104 101 98 91 86 86 82 80 79 77 76 76 69 69 69 67 66 65 61 57 56 55 55 52 51 51 49 49 47 46 45 43 43 39 38 37 35 35 34 32 32 30 30 30 29 28 27 23 23 23 22 22 22 21 20 20 20 20 20 19 16 16 16 16 13 13 13 12 11 11 11 11 11 11 11 9 9 8 8 8 8 8 8 8 7 7 7 7 5 5 5 5 5 4 4 4 4 4 3 3 3 3 3 3 3 3 3 3 3 3 1 1 1 1 1 1 1 1  
108 103 103 94 92 90 84 83 79 79 78 74 74 72 68 68 67 65 63 59 59 56 56 55 51 49 49 48 47 47 46 46 45 43 41 39 38 37 35 35 34 32 31 30 29 29 28 27 27 23 23 23 21 21 21 21 20 20 19 19 18 17 16 16 14 13 13 12 12 11 11 11 10 10 10 10 10 9 9 8 8 8 8 8 8 7 7 7 7 5 5 5 4 4 3 3 3 3 3 3 2 2 2 2 2 2 2 2 2 2 2 2 1 1 1 1 1 1 1  
 108 103 102 94 92 85 83 80 79 77 75 74 70 70 68 68 67 62 60 55 54 54 52 51 50 49 47 47 45 45 45 45 45 42 41 38 37 37 35 34 33 32 31 28 28 28 28 27 24 23 22 22 21 20 20 20 20 18 17 17 14 14 14 14 14 12 12 11 11 11 11 11 10 10 9 9 9 9 9 8 8 8 8 7 7 7 6 5 5 4 3 3 3 3 3 3 3 3 3 3 2 2 2 2 2 2 2 2 2 2 2 2 1 1 1 1  
107 103 95 90 89 81 81 78 76 76 73 73 70 69 68 65 64 62 55 54 54 51 51 51 49 46 46 46 45 45 41 40 39 39 39 38 36 36 34 34 33 31 30 28 28 27 27 27 24 23 22 22 20 18 18 18 18 18 15 14 14 14 13 13 12 12 12 10 10 10 10 10 10 9 8 8 8 8 8 8 6 6 6 6 6 6 5 4 4 4 3 3 2 2 2 2 2 2 2 2 2 2 2 2 2 2 2 2 2 2 2 2 1 1 1 1  
 104 102 95 90 78 77 77 73 73 73 72 71 69 68 64 62 60 60 54 53 53 51 51 48 47 46 45 45 44 44 40 40 39 39 37 36 35 34 32 32 30 29 29 28 28 27 26 26 24 23 22 21 18 18 17 16 16 16 14 14 14 13 12 12 12 11 11 10 10 10 10 9 9 9 8 8 8 7 7 5 5 5 5 5 5 5 4 3 3 3 3 2 2 2 2 2 2 2 2 2 2 2 2 2 2 2 2 2 2 2 2 2  
 104 97 94 90 77 77 75 73 72 72 70 68 66 65 59 59 59 59 54 53 52 51 49 46 46 45 43 43 43 41 39 39 38 38 37 35 34 33 30 30 29 29 28 28 27 26 25 23 21 19 19 19 18 18 16 16 16 13 13 13 12 12 12 12 11 11 11 10 10 10 9 9 9 8 8 8 8 7 5 5 5 5 5 5 4 3 3 3 3 3 3 2 2 2 2 2 2 2 2 2 2 2 2 2 2 1 1 
 104 96 92 89 77 77 75 72 72 70 66 66 66 65 59 59 59 59 53 53 52 49 46 45 45 44 43 43 43 41 39 39 38 37 36 35 34 31 30 27 26 25 25 24 24 24 22 20 20 19 19 18 17 15 14 13 12 12 12 12 12 12 11 11 10 10 10 10 9 9 9 9 9 7 7 7 7 7 5 5 5 5 4 4 3 3 3 3 3 3 3 2 2 2 2 2 2 2 2 2 2 2 1 1 1 1  
 104 93 89 85 77 75 73 72 70 68 66 66 65 65 59 59 54 54 53 53 51 47 45 45 45 43 43 39 39 39 37 37 37 36 36 34 29 29 26 25 25 25 25 24 24 22 20 19 19 18 17 14 12 12 12 11 11 11 11 11 10 10 10 10 10 10 10 8 8 8 8 8 8 7 7 7 5 5 5 4 4 4 4 3 3 3 3 3 3 3 3 2 2 2 2 2 2 2 1 1 1 1 1 1 1  
 97 90 86 82 77 75 71 70 70 68 66 65 64 62 59 59 54 51 51 51 50 47 45 45 44 43 42 39 38 37 37 36 36 36 32 31 29 26 26 25 25 23 23 23 22 21 19 18 18 14 13 13 12 11 11 11 11 10 10 9 9 9 9 9 9 9 8 8 8 7 5 5 5 5 5 5 5 5 4 4 4 4 3 3 3 3 3 3 3 3 2 2 2 2 2 2 2 2 1 1 1 1 1 1 1  
 96 89 84 82 75 72 70 69 68 66 66 64 62 62 58 54 53 51 51 51 46 44 43 43 43 43 40 39 38 37 36 35 35 35 32 31 28 26 25 25 23 21 21 20 20 19 18 18 13 13 13 12 11 11 11 10 9 9 9 9 8 8 8 8 8 8 8 7 7 6 5 5 5 5 5 5 5 4 4 4 4 3 3 3 3 3 3 3 3 2 2 2 2 2 2 2 2 1 1 1 1 1 1 1  
 96 86 84 82 75 71 69 69 67 64 62 60 60 56 56 54 53 49 49 48 46 42 42 41 41 41 40 39 38 37 35 35 31 31 30 30 28 26 25 25 21 21 20 19 19 16 15 15 13 13 13 10 10 10 9 9 9 9 9 9 8 8 8 8 7 7 7 7 6 6 5 5 5 5 5 5 3 3 3 3 3 3 3 3 3 3 3 2 2 2 2 2 2 2 2 2 1 1 1 1 1  
 93 86 84 79 73 70 68 66 65 61 59 57 57 56 54 54 53 49 48 47 46 42 41 41 41 39 37 37 37 32 32 31 30 30 30 26 24 24 22 20 19 19 19 18 18 16 15 15 12 12 12 10 10 9 8 8 8 8 8 8 8 8 8 8 7 7 7 6 6 6 5 5 5 4 3 3 3 3 3 3 3 3 3 3 3 3 2 2 2 2 2 1 1 1 1 1 1 1 1 1 1  
 92 85 82 79 71 70 67 64 62 61 57 57 57 56 54 51 51 48 46 46 45 42 41 41 40 39 37 36 35 32 32 29 29 28 25 25 23 23 22 19 18 18 17 17 17 16 14 13 12 9 9 8 8 8 8 8 8 8 8 8 8 8 8 8 7 7 7 6 6 4 4 4 4 4 3 3 3 3 3 3 3 3 3 3 2 2 2 2 2 2 2 1 1 1 1 1 1 1  
 90 85 79 76 71 66 66 63 62 61 56 56 56 56 54 50 48 47 46 44 44 41 41 41 39 34 34 33 32 30 30 29 29 27 25 25 22 21 20 18 18 18 16 16 14 14 14 13 12 9 9 8 8 8 8 8 8 8 8 8 8 8 8 7 7 7 5 5 5 4 3 3 3 3 3 3 3 3 3 3 3 3 3 3 2 2 2 2 2 2 2 1  , 90 84 77 73 71 63 63 56 55 54 54 53 53 53 51 48 46 46 45 44 44 40 40 40 38 33 33 30 30 30 29 29 29 26 21 21 21 20 20 17 17 17 16 16 14 13 12 12 12 9 8 8 8 8 8 8 8 8 8 8 7 7 7 7 7 7 5 4 4 3 3 3 3 3 3 3 3 3 3 3 3 2 2 2 1 1 1 1 1 1 1 1  
 89 84 75 73 69 63 63 55 55 54 53 53 52 52 51 46 46 46 42 42 41 40 40 36 33 33 31 30 30 29 28 24 24 24 21 20 18 18 18 17 17 16 16 15 13 13 12 10 9 8 8 8 8 8 8 8 8 8 8 8 7 7 7 7 7 6 5 4 4 3 3 3 3 3 3 3 3 2 2 2 2 2 1 1 1 1 1 1 1 1 1 1  , 88 83 70 70 65 63 60 54 53 53 53 53 52 52 50 45 45 43 42 41 41 40 38 35 33 31 30 30 27 25 24 24 24 24 20 20 18 18 17 16 15 15 14 14 13 12 12 10 9 8 8 8 8 8 8 8 8 8 7 7 7 6 5 5 5 3 3 3 3 3 3 3 3 3 3 3 3 2 2 2 2 1 1 1 1 1 1 1 1 1  
 83 81 69 65 64 59 58 53 53 53 53 51 51 47 45 44 44 42 40 40 40 38 37 35 33 30 29 29 26 24 24 24 23 22 20 20 17 17 16 16 15 15 12 12 12 12 10 9 9 8 8 8 8 7 7 7 7 7 7 7 7 5 5 5 4 3 3 3 3 3 3 3 3 3 3 3 2 1 1 1 1 1 1 1 1 1 1 1  
 82 80 69 63 62 58 58 53 52 52 49 49 49 45 44 44 44 40 40 39 38 37 35 34 30 29 29 27 25 24 24 23 23 20 20 20 17 17 16 16 15 12 12 12 12 12 10 9 8 8 8 7 7 7 7 6 6 6 6 6 6 4 4 4 4 3 3 3 3 3 3 3 3 3 2 2 2 1 1 1 1 1 1 1 1 1 1 1  
 82 80 66 62 60 58 53 52 52 52 47 47 46 44 42 38 35 35 35 35 33 33 33 30 28 28 28 27 25 23 23 23 22 20 19 19 17 15 15 15 12 12 12 12 12 10 10 9 8 8 8 7 6 6 6 6 6 6 6 6 5 4 4 4 3 3 3 3 3 3 3 2 2 2 2 2 2 1 1 1 1  
 82 78 65 62 59 58 52 52 52 50 46 46 45 44 38 35 35 34 34 33 33 33 33 30 28 28 26 25 23 22 21 21 21 20 19 18 16 15 15 14 12 12 12 12 12 9 8 8 8 8 6 6 6 6 6 6 6 6 6 6 5 4 4 4 3 3 3 3 3 3 2 2 2 2 2 2 1 1 1 1  , 82 77 65 61 59 58 52 52 52 50 46 46 45 40 38 35 33 33 33 33 33 31 31 30 28 27 26 25 23 21 21 21 20 18 18 18 16 15 15 14 12 12 11 10 9 8 8 8 8 6 6 6 6 6 6 6 6 6 6 5 5 4 4 4 3 3 3 3 3 2 2 2 2 2 1 1 1 1  
 78 76 64 61 59 57 52 52 51 49 44 44 44 40 37 34 33 33 33 33 33 31 31 29 28 27 24 24 22 21 21 21 17 17 17 14 12 12 12 12 12 11 11 10 9 8 8 7 6 6 6 6 6 6 6 6 6 6 5 5 4 4 4 3 3 3 3 3 3 2 2 2 2 1 1 1 1  
 76 75 63 59 58 57 52 50 50 49 44 44 43 40 37 34 33 33 33 33 33 31 27 27 26 25 24 22 21 20 20 20 17 16 16 14 12 12 12 12 12 11 11 9 7 7 6 6 6 6 6 6 6 6 6 5 5 5 5 4 4 4 4 3 3 3 2 2 2 2 1 1 1 1 1 1 1  
 76 75 63 58 58 57 52 50 45 45 44 44 40 38 35 34 33 33 33 33 32 30 26 26 25 24 24 22 21 19 19 19 17 16 16 14 12 12 12 12 12 11 9 8 7 6 6 6 6 6 6 6 6 6 6 5 5 5 4 3 3 3 3 3 3 3 2 1 1 1 1 1 1 1 1 1 1  
 76 75 63 58 58 56 52 50 44 43 43 42 38 38 35 34 33 33 32 32 31 29 26 26 25 24 24 22 18 18 18 18 17 16 16 12 12 12 12 12 11 10 9 8 7 6 6 6 6 6 6 6 6 5 5 5 5 4 4 3 3 3 3 3 2 2 2 1 1 1 1 1 1 1 1 1 1  
 76 75 61 58 58 56 52 46 44 43 42 41 38 36 34 34 32 32 32 31 31 28 26 25 25 24 24 20 18 18 18 17 16 15 15 12 12 12 11 11 10 9 9 8 7 6 6 6 6 6 6 6 5 5 5 5 4 4 4 3 3 3 3 2 2 2 2 1 1 1 1 1 1 1 1 1 1  
 76 73 61 58 57 54 51 46 44 43 41 41 38 36 34 33 32 31 31 29 25 25 25 25 24 24 23 19 18 17 17 16 16 14 14 12 12 12 11 10 9 9 8 8 7 6 6 6 6 5 5 5 5 5 4 4 3 3 3 3 2 2 2 2 2 2 2 1 1 1 1  
 76 73 61 57 54 53 51 46 43 42 41 39 37 34 34 33 31 31 29 29 25 25 25 25 22 22 21 19 15 15 15 15 13 13 13 12 12 12 11 10 9 9 8 8 6 6 6 6 5 5 5 5 4 4 4 4 3 3 3 3 2 2 2 2 2 2 2 1 1 1  
 74 70 60 56 54 53 49 44 43 42 41 38 37 34 33 33 30 30 28 28 25 25 25 25 22 22 16 16 15 15 15 14 13 13 13 12 12 12 11 10 9 9 8 8 6 6 6 6 5 5 5 5 4 4 4 3 3 2 2 2 2 2 2 2 2 1 1 1 1 1  
 72 70 60 53 53 51 48 44 43 42 40 38 37 33 33 33 30 30 28 27 25 24 24 24 19 19 16 16 15 14 13 13 13 13 12 12 12 11 11 10 9 9 8 8 6 6 6 5 5 5 5 5 4 4 4 3 3 2 2 2 2 2 2 2 2 1 1 1 1 1  
 72 69 59 53 52 50 47 43 43 41 40 36 36 33 33 32 30 29 28 25 25 24 23 23 19 17 15 15 15 14 13 13 13 13 12 12 12 11 9 8 7 7 7 7 6 6 6 5 5 5 5 4 4 4 4 3 2 2 2 2 2 2 2 1 1 1 1 1 1  
 72 66 59 52 52 50 47 43 41 41 39 36 35 33 32 31 30 27 27 25 24 24 23 23 18 17 15 15 14 14 13 13 13 12 12 11 10 10 7 7 7 7 7 7 6 6 6 5 5 5 5 4 4 4 3 2 2 2 2 2 2 2 2 1 1 1 1 1 1  
 72 61 59 51 48 48 45 43 39 39 39 35 35 33 31 30 28 27 27 24 24 24 23 22 17 16 15 15 14 14 13 13 12 11 11 11 10 7 7 7 7 7 6 6 6 6 6 5 5 4 4 4 4 4 3 2 2 2 2 2 2 2 2  
 72 61 57 51 48 47 43 42 39 39 39 35 34 33 31 30 27 27 25 24 24 24 23 20 17 16 15 15 14 13 12 12 11 11 11 10 9 7 7 7 7 7 6 6 6 6 5 5 4 4 4 4 3 3 3 2 2 2 2 2 2  
 71 61 57 50 48 47 43 42 39 38 38 35 32 29 28 28 26 26 25 24 24 23 23 20 17 15 15 15 14 13 12 12 11 11 11 10 9 7 7 6 6 6 6 6 6 5 5 5 4 3 3 3 3 2 2 2 2 2 2 2 1  
 70 61 57 48 47 46 43 41 39 36 35 35 32 29 28 28 26 25 25 24 23 23 21 19 17 15 15 13 11 11 11 11 11 11 10 9 9 7 7 6 6 6 5 5 5 5 5 5 4 3 3 3 3 2 2 2 2 1 1  
 66 60 57 46 46 44 43 41 39 35 34 30 29 27 26 26 26 25 25 24 22 22 20 19 16 14 14 13 11 11 11 11 11 11 9 9 8 7 7 6 6 6 5 5 5 5 5 5 3 2 2 2 2 2 2 2 2 1 1  
 65 59 57 45 45 43 42 41 39 34 33 30 29 27 26 26 25 25 25 23 22 21 18 17 16 14 13 12 11 11 11 11 11 11 7 7 7 7 7 6 6 6 5 5 5 5 4 4 3 2 2 2 2 2 2 1 1 1  
 65 57 55 45 45 43 42 40 39 33 33 29 29 26 26 26 25 25 23 22 22 21 18 17 16 14 13 12 11 11 11 11 11 11 7 7 7 7 7 6 6 5 4 4 4 4 4 4 3 2 2 2 1 1 1 1 1  
 65 57 53 45 45 43 42 40 39 32 32 29 29 26 25 25 25 23 22 22 20 20 17 16 15 14 13 11 11 11 11 11 11 10 7 7 7 7 6 6 6 4 4 4 4 4 2 2 2 2 1 1 1 1 1 1 1 
 60 56 53 45 44 43 41 38 38 32 32 29 28 25 25 25 24 23 22 20 20 20 17 15 15 13 13 11 11 11 11 11 10 8 7 7 7 5 5 5 5 3 3 3 3 2 2 1 1 1 1 1 1 1 1 1  
 59 56 52 45 44 42 41 38 38 32 31 29 28 25 25 24 24 21 20 20 19 18 17 15 14 13 13 11 9 9 7 7 6 6 6 6 5 5 5 5 4 3 3 2 2 2 1 1 1 1 1 1 1 1  
 58 56 51 43 42 42 39 38 38 32 31 27 26 25 24 24 23 20 20 20 18 18 17 15 14 13 13 11 9 8 7 7 6 6 5 5 4 4 4 4 3 3 3 2 2 2 1 1 1 1 1  
 58 54 51 42 42 41 39 38 37 32 30 27 25 25 23 23 22 20 19 19 18 18 16 14 13 12 12 11 7 6 6 6 5 5 5 4 4 4 4 2 2 2 2 2 2 1 1 1 1 1  
 56 50 50 42 42 41 38 37 36 32 28 26 25 25 23 21 21 20 19 19 18 18 15 13 13 12 12 11 7 6 6 5 4 4 4 4 4 4 2 2 2 2 2 2 1 1 1 1  
 55 50 50 42 40 37 37 35 34 30 27 25 25 25 21 21 21 19 19 18 18 16 15 13 13 12 12 11 6 6 6 5 4 4 4 4 4 3 2 2 2 2 2 1 1 1 1 1  
 55 50 48 42 38 37 36 33 33 27 27 24 24 21 21 21 20 19 19 18 18 16 15 13 13 12 12 10 5 5 4 4 4 4 4 4 3 3 2 2 2 2 2 1 1 1 1 1  
 52 50 44 41 38 36 35 32 32 27 26 24 24 21 21 19 19 19 18 17 17 16 15 13 13 11 11 9 5 4 4 4 4 4 4 3 3 2 2 2 2 2 2 1 1 1 1 1  
48 47 44 41 38 36 35 32 32 27 26 24 24 21 21 19 19 19 18 17 16 16 14 12 12 11 11 8 4 4 4 4 4 3 3 3 3 2 2 2 2 2 2 1 1 1 1 1  
 48 46 44 40 38 35 33 31 30 27 26 24 22 21 20 19 19 19 18 16 16 15 13 12 12 9 9 8 4 4 4 4 4 3 3 3 3 2 2 2 2 1 1 1 1 1 1 1  
 47 45 43 40 38 33 32 31 30 26 23 20 20 20 20 18 18 18 17 16 15 15 12 11 10 9 9 7 4 4 4 4 3 3 3 3 1 1 1 1 1 1 1 1 1 1 1 1  
 47 45 38 38 37 32 32 30 29 26 22 20 20 19 18 17 17 17 17 16 15 15 12 11 10 9 9 7 4 4 4 4 3 3 3 3 1 1 1 1 1 1 1 1 1 1 1 1  
46 45 38 38 36 32 32 29 29 26 22 20 20 18 18 16 16 16 16 15 15 14 12 10 9 8 8 6 4 4 4 4 3 3 3 3 1 1 1 1 1 1 1 1 1  
 46 45 36 36 35 32 32 29 29 25 22 20 20 18 17 16 16 16 15 15 15 12 11 10 9 8 7 6 4 4 4 4 3 2 2 2 1 1 1 1 1 1 1 1 1  
 45 44 36 36 34 32 32 29 29 25 20 19 17 16 16 16 16 15 14 13 13 12 11 10 9 7 7 5 4 4 4 3 3 2 2 1 1 1 1 1 1 1 1 1  
 44 43 36 36 33 32 32 29 29 25 20 19 17 16 16 16 16 15 13 13 13 12 10 9 8 7 6 5 4 4 4 3 3 1 1 1 1 1 1 1 1 1 1  
 43 43 36 36 33 32 31 29 28 24 20 18 16 16 16 16 15 14 13 11 11 11 10 7 7 7 6 5 4 4 3 3 2 1 1 1 1 1 1 1 1 1 1  
 43 39 36 36 33 32 31 27 26 23 20 18 16 16 16 15 15 14 13 11 11 10 9 7 7 6 6 5 4 4 3 2 2 1 1 1 1 1 1 1 1 1 1  
 43 36 36 36 32 32 29 27 24 21 20 17 16 16 16 15 15 13 13 11 10 10 9 7 7 5 5 5 4 4 3 2 2 1 1 1 1 1 1 1 1  
 40 36 35 35 32 30 27 26 20 20 20 17 16 16 15 15 15 13 12 11 10 9 9 7 7 5 5 5 4 3 3 2 1 1 1 1 1 1 1 1 1  
 40 36 34 33 32 27 27 23 20 20 20 17 16 16 15 15 15 13 12 11 9 8 8 7 7 5 5 5 3 3 2 2 1 1 1 1 1 1  
 40 36 34 32 31 27 23 23 20 20 19 17 16 15 15 14 13 13 12 8 8 8 6 6 5 5 4 3 2 2 2 2 1 1 1  
 40 35 32 32 30 25 23 20 20 18 18 17 15 15 13 13 11 11 11 8 8 8 6 5 5 5 4 3 2 2 2 2 1 1 1  
 38 35 32 32 30 24 22 20 20 18 18 14 14 14 13 13 11 10 10 8 8 6 6 5 5 4 4 3 2 2 2 1 1 1 1  
 38 34 32 31 28 24 22 20 20 18 17 13 13 13 12 12 10 10 10 8 8 6 5 5 4 4 3 2 2 2 2 1 1 1  
 38 33 32 30 24 23 22 18 18 18 16 13 13 12 12 12 10 10 9 8 8 5 5 4 4 4 3 2 1 1 1  
 37 32 30 25 24 21 21 18 18 18 15 13 13 12 12 11 10 10 9 6 6 5 5 4 4 3 3 2 1  
 33 32 30 25 24 21 20 18 18 18 15 13 12 12 12 10 10 6 6 6 6 5 5 4 3 3 3 2  
 33 32 29 25 24 20 20 16 16 16 14 12 12 11 11 10 10 6 5 5 5 4 4 4 3 2 2 1  
 32 32 29 25 23 20 19 16 16 16 14 12 11 11 10 10 9 5 5 5 5 4 4 3 2 1  
 32 30 29 25 23 20 17 16 16 15 13 12 11 11 10 10 9 5 5 5 5 4 4 3 2  
 29 29 26 25 23 20 16 16 15 15 13 12 11 10 10 10 9 5 5 5 5 4 3 3  
 25 25 24 24 23 20 16 16 15 15 13 11 10 10 10 10 7 5 5 5 5 3 3 3  
 25 25 24 24 23 19 16 16 15 13 12 11 10 10 10 8 7 5 5 5 5 3 3 1  
 25 25 24 23 23 17 16 16 15 13 12 11 10 10 10 8 7 5 5 5 5 3 2 1  
 24 24 24 22 22 17 16 14 14 13 12 10 10 10 8 8 6 5 5 5 5 3 1  
 24 24 22 22 22 17 16 14 14 13 12 10 10 10 8 6 6 5 5 4 3 3 1  
 24 23 22 22 21 17 16 14 14 12 11 10 10 10 6 6 6 5 5 3 3 2  
 24 21 21 21 21 17 16 14 13 12 11 10 9 8 6 5 5 5 3 3 2 2  
 23 21 21 21 20 15 15 14 13 10 9 9 7 6 5 5 5 5 3 3 2 2 
 23 21 20 19 19 15 14 13 12 10 9 8 7 6 5 5 5 2 2 2 2 2  
 23 20 19 19 19 15 14 12 12 10 8 6 6 6 5 5 4 2 2 2 2 2  
 21 20 19 19 18 15 14 12 10 9 5 4 4 4 4 4 4 2 2 2 2 2  
 21 18 18 18 18 15 14 12 10 7 5 4 4 4 4 3 3 2 2 2 2 2  
 21 18 18 18 17 15 13 12 10 7 5 4 4 4 4 3 3 2 2 2 2 1  
 20 18 18 18 15 14 12 12 10 7 4 4 4 4 4 3 2 2 2 2 2 1  
 19 18 18 18 15 14 12 11 10 7 4 4 4 4 4 2 2 2 2 2 1 1  
 18 18 18 18 15 14 12 11 10 6 4 4 4 4 4 2 2 2 2 2 1 1  
 18 18 18 18 15 14 11 10 9 6 4 4 4 4 4 2 2 2 2 2 1  
 18 18 18 18 15 14 10 10 8 5 4 4 4 4 4 2 2 2 2 1 1  
 18 18 17 17 15 12 10 10 8 5 4 4 4 4 2 2 2 2 2 1 1  
 18 18 17 16 15 9 9 9 8 4 4 4 4 4 2 2 2 2 2  
 18 18 17 16 15 9 9 8 8 4 4 4 4 4 2 2 2 2 2  
 18 18 17 16 12 8 7 7 7 4 4 4 4 4 2 2 2 2 2  
 18 18 16 16 12 7 7 7 7 4 4 4 3 3 2 2 2 2 1  
 18 16 16 15 12 7 7 7 6 4 4 3 3 3 2 2 2 2 1  
 18 16 15 14 11 7 7 7 6 4 4 3 3 3 2 2 2 2  
 18 15 15 14 11 7 7 7 6 4 4 3 3 2 2 2 2 1  
 18 15 14 14 11 7 7 6 6 4 3 2 2 2 2 2 1 1  
 18 15 13 12 10 7 6 6 5 4 3 2 2 2 2 2 1 1  
 18 15 13 12 10 7 6 6 5 4 3 2 2 2 2 2 1  
 18 15 13 11 9 6 6 5 5 4 2 2 2 2 1 1 1  
 18 14 13 11 9 6 6 3 3 2 2 2 2 1 1 1  
 18 13 13 10 8 6 6 3 3 2 1 1 1 1 1  
 18 13 11 10 8 6 6 3 3 2 1 1 1 1 1  
 17 12 11 10 8 6 6 3 2 2 1 1 1 1 1  
 17 12 10 10 8 6 6 3 2 1 1 1 1  
 17 11 10 9 7 6 6 2 2 1 1 1 1  
 14 10 10 8 7 6 6 2 2 1 1 1 1  
 14 10 10 7 6 5 5 2 2 1 1 1  
 12 10 10 7 5 5 5 2 2 1 1 1  
 12 10 10 7 5 5 5 2 1 1 1 1 
 12 10 10 7 5 4 4 2 1 1 1 1  
 12 10 10 7 5 4 4 2 1 1 1 1  
 12 10 10 7 5 4 3 2 1 1 1 1  
 11 10 10 7 5 4 3 1 1 1 1 1  
 11 10 10 7 5 3 3 1 1 1 1  
 11 10 10 7 5 3 3 1 1 1 1  
 11 9 9 7 5 3 3 1 1 1 1  
 11 9 9 7 4 3 2 1 1 1  
 11 8 8 7 4 3 2 1 1 1  
 11 8 8 7 4 3 2 1 1 1  
 10 7 7 7 4 3 2 1 1 1  
 10 7 7 7 4 3 2 1 1 1  
 9 7 7 6 4 3 2 1 1 1  
 9 7 6 6 4 3 2 1  
 8 7 6 6 4 3 2 1  
 8 7 6 6 4 3 2 1  
 8 7 6 6 4 3 2 1  
 7 7 5 5 4 3 2 1  
 7 7 5 5 3 3 2 1  
 7 7 5 4 3 2 1 1  
 7 7 5 4 2 2 1 1  
 7 7 5 4 2 2 1  
 7 7 5 4 2 2 1  
 7 7 5 4 2 2 1  
 7 7 5 4 2 2  
 7 6 5 4 2 2  
 7 6 5 4 2 2  
 7 6 5 4 2 1  
 6 6 4 4 2 1  
 5 5 4 3 2  
 5 5 4 3 2  
 5 5 4 2 2  
 5 5 4 2 2  
 5 5 4 2 1  
 5 5 4 2 1  
 5 4 4 2 1  
 5 4 4 2 1  
 3 3 3 2 1  
 3 3 3 2  
 3 3 3 2  
 3 3 2 2  
 3 3 2 2  
 3 3 2 2  
 3 3 2 2  
 3 3 2 2  
 3 3 2 2  
 3 3 2 2  
 3 3 2 2  
 3 3 2 2  
 3 3 2 1  
 3 3 2 1  
 3 3 2 1  
 3 3 2 1  
 3 3 2 1  
 3 3 2 1  
 3 3 2 1  
 3 3 2  
 3 2 2  
 3 2 2  
 3 2 2  
 2 2 1  
 2 2 1  
 2 2  
 2 2  
 2 1  
 2 1  
 2 1  
 2 1  
 2 1  
 2 1  
 2 1  
 2 1  
 2 1  
 2 1  
 2 1  
 2 1  
 2 1  
 2 1  
 2 1  
 2 1  
 2 1  
 2 1 